% Generated 18-Aug-2014 21:33:10
% [S, chi] for f = 0.3
  0.1000000 383.8024187
  0.1000001 383.8018658
  0.1000012 383.7979959
  0.1000039 383.7874923
  0.1000092 383.7670395
  0.1000180 383.7333249
  0.1000311 383.6830402
  0.1000494 383.6128848
  0.1000738 383.5195681
  0.1001050 383.3998139
  0.1001441 383.2503640
  0.1001917 383.0679837
  0.1002489 382.8494663
  0.1003165 382.5916396
  0.1003953 382.2913719
  0.1004862 381.9455787
  0.1005901 381.5512297
  0.1007078 381.1053571
  0.1008402 380.6050625
  0.1009881 380.0475259
  0.1011525 379.4300138
  0.1013342 378.7498880
  0.1015340 378.0046144
  0.1017528 377.1917719
  0.1019915 376.3090613
  0.1022510 375.3543142
  0.1025320 374.3255017
  0.1028356 373.2207431
  0.1031625 372.0383140
  0.1035135 370.7766544
  0.1038897 369.4343760
  0.1042918 368.0102695
  0.1047206 366.5033105
  0.1051772 364.9126662
  0.1056622 363.2376993
  0.1061767 361.4779733
  0.1067214 359.6332556
  0.1072972 357.7035199
  0.1079050 355.6889481
  0.1085457 353.5899309
  0.1092200 351.4070677
  0.1099289 349.1411652
  0.1106733 346.7932348
  0.1114540 344.3644899
  0.1122718 341.8563412
  0.1131277 339.2703914
  0.1140225 336.6084293
  0.1149570 333.8724222
  0.1159322 331.0645085
  0.1169488 328.1869883
  0.1180078 325.2423143
  0.1191101 322.2330815
  0.1202564 319.1620163
  0.1214476 316.0319656
  0.1226847 312.8458847
  0.1239684 309.6068276
  0.1252997 306.3179260
  0.1266794 302.9823901
  0.1281084 299.6034872
  0.1295874 296.1845314
  0.1311175 292.7288741
  0.1326995 289.2398809
  0.1343342 285.7209359
  0.1360224 282.1754192
  0.1377652 278.6066988
  0.1395632 275.0181192
  0.1414174 271.4129916
  0.1433287 267.7945910
  0.1452979 264.1661204
  0.1473259 260.5307417
  0.1494135 256.8915420
  0.1515616 253.2515324
  0.1537711 249.6136424
  0.1560428 245.9807132
  0.1583776 242.3554928
  0.1607764 238.7406319
  0.1632400 235.1386793
  0.1657694 231.5520806
  0.1683652 227.9831712
  0.1710285 224.4341832
  0.1737601 220.9072328
  0.1765608 217.4043269
  0.1794315 213.9273609
  0.1823731 210.4781185
  0.1853865 207.0582728
  0.1884725 203.6693870
  0.1916319 200.3129159
  0.1948657 196.9902076
  0.1981747 193.7025055
  0.2015597 190.4509508
  0.2050217 187.2365848
  0.2085614 184.0603518
  0.2121799 180.9231020
  0.2158778 177.8255944
  0.2196561 174.7685007
  0.2235157 171.7524078
  0.2274574 168.7778215
  0.2314821 165.8451701
  0.2355906 162.9548077
  0.2397838 160.1070176
  0.2440626 157.3020159
  0.2484279 154.5399550
  0.2528804 151.8209272
  0.2574211 149.1449669
  0.2620509 146.5120557
  0.2667705 143.9221245
  0.2715809 141.3750567
  0.2764829 138.8706918
  0.2814774 136.4088279
  0.2865653 133.9892248
  0.2917474 131.6116066
  0.2970245 129.2756648
  0.3023976 126.9810605
  0.3078676 124.7274269
  0.3134352 122.5143722
  0.3191013 120.3414809
  0.3248668 118.2083169
  0.3307326 116.1144250
  0.3366995 114.0593327
  0.3427685 112.0425538
  0.3489403 110.0635869
  0.3552158 108.1219205
  0.3615959 106.2170317
  0.3680814 104.3483896
  0.3746733 102.5154558
  0.3813724 100.7176861
  0.3881795  98.9545320
  0.3950955  97.2254396
  0.4021213  95.5298543
  0.4092577  93.8672193
  0.4165056  92.2369770
  0.4238659  90.6385703
  0.4313395  89.0714428
  0.4389271  87.5350399
  0.4466297  86.0288093
  0.4544481  84.5522015
  0.4623833  83.1046713
  0.4704359  81.6856773
  0.4786070  80.2946814
  0.4868974  78.9311520
  0.4953079  77.5945621
  0.5038394  76.2843907
  0.5124929  75.0001226
  0.5212690  73.7412489
  0.5301688  72.5072673
  0.5391930  71.2976821
  0.5483426  70.1120046
  0.5576183  68.9497531
  0.5670211  67.8104531
  0.5765519  66.6936372
  0.5862114  65.5988464
  0.5960006  64.5256280
  0.6059204  63.4735376
  0.6159715  62.4421378
  0.6261548  61.4309993
  0.6364713  60.4397001
  0.6469217  59.4678260
  0.6575070  58.5149702
  0.6682280  57.5807338
  0.6790856  56.6647250
  0.6900806  55.7665599
  0.7012139  54.8858618
  0.7124864  54.0222614
  0.7238989  53.1753967
  0.7354523  52.3449131
  0.7471474  51.5304629
  0.7589852  50.7317057
  0.7709665  49.9483079
  0.7830921  49.1799429
  0.7953629  48.4262908
  0.8077798  47.6870386
  0.8203436  46.9618796
  0.8330553  46.2505138
  0.8459156  45.5526476
  0.8589255  44.8679935
  0.8720858  44.1962704
  0.8853973  43.5372032
  0.8988610  42.8905225
  0.9124776  42.2559652
  0.9262481  41.6332736
  0.9401734  41.0221957
  0.9542542  40.4224853
  0.9684915  39.8339011
  0.9828861  39.2562076
  0.9974388  38.6891742
  1.0121507  38.1325755
  1.0270224  37.5861912
  1.0420549  37.0498056
  1.0572490  36.5232081
  1.0726057  36.0061925
  1.0881257  35.4985574
  1.1038099  35.0001058
  1.1196593  34.5106451
  1.1356746  34.0299869
  1.1518567  33.5579471
  1.1682065  33.0943457
  1.1847249  32.6390065
  1.2014127  32.1917576
  1.2182707  31.7524306
  1.2353000  31.3208608
  1.2525012  30.8968876
  1.2698753  30.4803534
  1.2874231  30.0711044
  1.3051456  29.6689903
  1.3230435  29.2738637
  1.3411177  28.8855810
  1.3593692  28.5040014
  1.3777987  28.1289872
  1.3964071  27.7604038
  1.4151953  27.3981197
  1.4341642  27.0420060
  1.4533146  26.6919368
  1.4726474  26.3477889
  1.4921634  26.0094417
  1.5118635  25.6767774
  1.5317486  25.3496805
  1.5518196  25.0280382
  1.5720772  24.7117399
  1.5925225  24.4006777
  1.6131561  24.0947456
  1.6339791  23.7938403
  1.6549922  23.4978603
  1.6761963  23.2067065
  1.6975924  22.9202819
  1.7191812  22.6384912
  1.7409636  22.3612416
  1.7629405  22.0884418
  1.7851128  21.8200027
  1.8074812  21.5558369
  1.8300468  21.2958589
  1.8528102  21.0399849
  1.8757725  20.7881327
  1.8989345  20.5402219
  1.9222970  20.2961739
  1.9458609  20.0559114
  1.9696270  19.8193588
  1.9935963  19.5864419
  2.0177696  19.3570882
  2.0421477  19.1312264
  2.0667316  18.9087869
  2.0915220  18.6897011
  2.1165199  18.4739020
  2.1417262  18.2613238
  2.1671415  18.0519021
  2.1927670  17.8455736
  2.2186033  17.6422763
  2.2446514  17.4419493
  2.2709122  17.2445329
  2.2973864  17.0499687
  2.3240750  16.8581990
  2.3509789  16.6691675
  2.3780988  16.4828188
  2.4054357  16.2990986
  2.4329904  16.1179536
  2.4607638  15.9393315
  2.4887568  15.7631807
  2.5169702  15.5894508
  2.5454048  15.4180923
  2.5740616  15.2490563
  2.6029414  15.0822951
  2.6320451  14.9177617
  2.6613735  14.7554098
  2.6909275  14.5951941
  2.7207080  14.4370700
  2.7507158  14.2809936
  2.7809519  14.1269218
  2.8114169  13.9748123
  2.8421119  13.8246234
  2.8730377  13.6763141
  2.9041952  13.5298441
  2.9355851  13.3851739
  2.9672084  13.2422644
  2.9990660  13.1010772
  3.0311587  12.9615747
  3.0634874  12.8237196
  3.0960529  12.6874756
  3.1288561  12.5528064
  3.1618979  12.4196769
  3.1951791  12.2880521
  3.2287006  12.1578976
  3.2624633  12.0291798
  3.2964679  11.9018652
  3.3307155  11.7759212
  3.3652069  11.6513153
  3.3999428  11.5280160
  3.4349243  11.4059916
  3.4701520  11.2852115
  3.5056270  11.1656451
  3.5413501  11.0472625
  3.5773221  10.9300341
  3.6135439  10.8139308
  3.6500164  10.6989238
  3.6867404  10.5849848
  3.7237168  10.4720858
  3.7609465  10.3601994
  3.7984303  10.2492983
  3.8361691  10.1393557
  3.8741638  10.0303453
  3.9124151   9.9222410
  3.9509241   9.8150169
  3.9896915   9.7086477
  4.0287182   9.6031085
  4.0680051   9.4983743
  4.1075530   9.3944209
  4.1473629   9.2912242
  4.1874355   9.1887603
  4.2277717   9.0870058
  4.2683725   8.9859374
  4.3092386   8.8855324
  4.3503709   8.7857681
  4.3917704   8.6866221
  4.4334377   8.5880725
  4.4753739   8.4900974
  4.5175798   8.3926753
  4.5600563   8.2957849
  4.6028041   8.1994053
  4.6458243   8.1035156
  4.6891175   8.0080955
  4.7326848   7.9131245
  4.7765270   7.8185827
  4.8206449   7.7244502
  4.8650393   7.6307075
  4.9097113   7.5373352
  4.9546616   7.4443141
  4.9998911   7.3516254
  5.0454006   7.2592503
  5.0911911   7.1671703
  5.1372633   7.0753672
  5.1836182   6.9838227
  5.2302566   6.8925190
  5.2771794   6.8014384
  5.3243874   6.7105633
  5.3718816   6.6198764
  5.4196627   6.5293606
  5.4677316   6.4389987
  5.5160893   6.3487741
  5.5647365   6.2586700
  5.6136742   6.1686700
  5.6629031   6.0787578
  5.7124242   5.9889172
  5.7622383   5.8991323
  5.8123463   5.8093871
  5.8627491   5.7196661
  5.9134475   5.6299536
  5.9644424   5.5402343
  6.0157346   5.4504930
  6.0673250   5.3607145
  6.1192145   5.2708839
  6.1714039   5.1809863
  6.2238941   5.0910071
  6.2766860   5.0009316
  6.3297805   4.9107455
  6.3831783   4.8204344
  6.4368804   4.7299840
  6.4908876   4.6393804
  6.5452008   4.5486096
  6.5998209   4.4576577
  6.6547486   4.3665110
  6.7099850   4.2751558
  6.7655308   4.1835787
  6.8213869   4.0917662
  6.8775542   3.9997049
  6.9340335   3.9073818
  6.9908258   3.8147835
  7.0479318   3.7218972
  7.1053524   3.6287099
  7.1630885   3.5352086
  7.2211410   3.4413808
  7.2795108   3.3472136
  7.3381986   3.2526945
  7.3972053   3.1578109
  7.4565319   3.0625505
  7.5161792   2.9669008
  7.5761480   2.8708495
  7.6364392   2.7743845
  7.6970537   2.6774935
  7.7579924   2.5801645
  7.8192560   2.4823854
  7.8808455   2.3841443
  7.9427618   2.2854292
  8.0050056   2.1862284
  8.0675780   2.0865299
  8.1304796   1.9863220
  8.1937114   1.8855931
  8.2572743   1.7843314
  8.3211691   1.6825254
  8.3853967   1.5801635
  8.4499580   1.4772341
  8.5148537   1.3737258
  8.5800849   1.2696271
  8.6456522   1.1649265
  8.7115567   1.0596127
  8.7777992   0.9536742
  8.8443805   0.8470998
  8.9113015   0.7398781
  8.9785630   0.6319978
  9.0461660   0.5234476
  9.1141113   0.4142162
  9.1823997   0.3042924
  9.2510322   0.1936649
  9.3200095   0.0823224
  9.3893326  -0.0297463
  9.4590023  -0.1425524
  9.5290195  -0.2561072
  9.5993850  -0.3704219
  9.6700997  -0.4855079
  9.7411645  -0.6013763
  9.8125803  -0.7180385
  9.8843478  -0.8355058
  9.9564680  -0.9537894
 10.0289418  -1.0729008
 10.1017699  -1.1928513
 10.1749533  -1.3136524
 10.2484928  -1.4353154
 10.3223893  -1.5578519
 10.3966437  -1.6812733
 10.4712568  -1.8055913
 10.5462294  -1.9308175
 10.6215625  -2.0569635
 10.6972569  -2.1840410
 10.7733135  -2.3120620
 10.8497331  -2.4410382
 10.9265166  -2.5709816
 11.0036649  -2.7019042
 11.0811788  -2.8338182
 11.1590592  -2.9667357
 11.2373070  -3.1006690
 11.3159230  -3.2356305
 11.3949081  -3.3716327
 11.4742631  -3.5086883
 11.5539890  -3.6468101
 11.6340865  -3.7860108
 11.7145566  -3.9263037
 11.7954001  -4.0677017
 11.8766179  -4.2102183
 11.9582108  -4.3538671
 12.0401797  -4.4986616
 12.1225254  -4.6446158
 12.2052490  -4.7917438
 12.2883511  -4.9400599
 12.3718326  -5.0895788
 12.4556945  -5.2403151
 12.5399376  -5.3922839
 12.6245627  -5.5455008
 12.7095708  -5.6999812
 12.7949626  -5.8557412
 12.8807391  -6.0127972
 12.9669011  -6.1711658
 13.0534495  -6.3308643
 13.1403851  -6.4919101
 13.2277088  -6.6543213
 13.3154215  -6.8181165
 13.4035240  -6.9833147
 13.4920173  -7.1499355
 13.5809020  -7.3179994
 13.6701792  -7.4875273
 13.7598497  -7.6585409
 13.8499144  -7.8310629
 13.9403741  -8.0051166
 14.0312296  -8.1807266
 14.1224819  -8.3579184
 14.2141319  -8.5367186
 14.3061803  -8.7171554
 14.3986280  -8.8992581
 14.4914759  -9.0830579
 14.5847249  -9.2685876
 14.6783759  -9.4558821
 14.7724296  -9.6449784
 14.8668871  -9.8359163
 14.9617490 -10.0287381
 15.0570163 -10.2234897
 15.1526899 -10.4202205
 15.2487706 -10.6189841
 15.3452593 -10.8198392
 15.4421569 -11.0228501
 15.5394641 -11.2280877
 15.6371820 -11.4356308
 15.7353113 -11.6455676
 15.8338528 -11.8579972
 15.9328076 -12.0730322
 16.0321764 -12.2908016
 16.1319601 -12.5114543
 16.2321596 -12.7351646
 16.3327756 -12.9621381
 16.4338092 -13.1926210
 16.5352612 -13.4269123
 16.6371323 -13.6653808
 16.7394236 -13.9084894
 16.8421358 -14.1568306
 16.9452698 -14.4111799
 17.0488265 -14.6725741
 17.1528068 -14.9424314
 17.2572114 -15.2227198
 17.3620413 -15.5161517
 17.4672974 -15.8261850
 17.5729804 -16.1559852
 17.6790914 -16.5048406
 17.7856310 -16.8644878
 17.8926003 -17.2240687
 18.0000000 -17.5781259
