  0.0000000000000000   0.0000000000000000   0.0000000000000000   1.0000000000000000 -14.0741116962924657   0.0000000000000000
  0.0000629881582263   0.0000192647479399   0.0060280672956651   0.9153407820927092 -12.8273493746253138   0.0000629881582263
  0.0001259763164525   0.0000748704230202   0.0115468229662941   0.8381608563790954 -11.6972913125223528   0.0001259763164525
  0.0001889644746788   0.0001637525974903   0.0166011396717892   0.7677615288819926 -10.6725797198234815   0.0001889644746788
  0.0002519526329050   0.0002831160885605   0.0212317066630835   0.7035119763047237  -9.7430010766869195   0.0002519526329050
  0.0003149407911313   0.0004304099078946   0.0254754353978599   0.6448424208553738  -8.8993669853024375   0.0003149407911313
  0.0003779289493575   0.0006033046354307   0.0293658244421791   0.5912380144399069  -8.1334078281862574   0.0003779289493575
  0.0004409171075838   0.0007996719746330   0.0329332878818187   0.5422333561183532  -7.4376778137222876   0.0004409171075838
  0.0005039052658100   0.0010175662714323   0.0362054510148020   0.4974075751372887  -6.8054701517068743   0.0005039052658100
  0.0005668934240363   0.0012552078015731   0.0392074166942122   0.4563799193112856  -6.2307412446416048   0.0005668934240363
  0.0006298815822625   0.0015109676511609   0.0419620053322713   0.4188057951387944  -5.7080429067280249   0.0006298815822625
  0.0006928697404888   0.0017833540331424   0.0444899712577955   0.3843732119029015  -5.2324617340605792   0.0006928697404888
  0.0007558578987150   0.0020709998984968   0.0468101978350883   0.3527995872115952  -4.7995648480644464   0.0007558578987150
  0.0008188460569413   0.0023726517152745   0.0489398734991847   0.3238288760521694  -4.4053513214067337   0.0008188460569413
  0.0008818342151675   0.0026871593014639   0.0508946506366568   0.2972289895376672  -4.0462086727104394   0.0008818342151675
  0.0009448223733938   0.0030134666091775   0.0526887890398542   0.2727894731692857  -3.7188738846722926   0.0009448223733938
  0.0010078105316201   0.0033506033679523   0.0543352854827928   0.2503194176798506  -3.4203984606199973   0.0010078105316201
  0.0010707986898463   0.0036976775041965   0.0558459908064985   0.2296455784060750  -3.1481170881081701   0.0010707986898463
  0.0011337868480726   0.0040538682621003   0.0572317157583498   0.2106106817021704  -2.8996195256112953   0.0011337868480726
  0.0011967750062988   0.0044184199587507   0.0585023267019447   0.1930718991905013  -2.6727253704743243   0.0011967750062988
  0.0012597631645251   0.0047906363128623   0.0596668321995819   0.1768994726782292  -2.4654614036194640   0.0012597631645251
  0.0013227513227513   0.0051698752925154   0.0607334613671020   0.1619754743804023  -2.2760412396614083   0.0013227513227513
  0.0013857394809776   0.0055555444326676   0.0617097348092726   0.1481926887046021  -2.1028470405117385   0.0013857394809776
  0.0014487276392038   0.0059470965780338   0.0626025288619422   0.1354536032920744  -1.9444130767071233   0.0014487276392038
  0.0015117157974301   0.0063440260112672   0.0634181337938061   0.1236694982947218  -1.7994109439317929   0.0015117157974301
  0.0015747039556563   0.0067458649302754   0.0641623065548860   0.1127596240136770  -1.6666362628733504   0.0015747039556563
  0.0016376921138826   0.0071521802420160   0.0648403185999158   0.1026504580486902  -1.5449967089294536   0.0016376921138826
  0.0017006802721088   0.0075625706432720   0.0654569992620081   0.0932750340217895  -1.4335012346450693   0.0017006802721088
  0.0017636684303351   0.0079766639617503   0.0660167751046070   0.0845723347556197  -1.3312503623217324   0.0017636684303351
  0.0018266565885614   0.0083941147334083   0.0665237056372305   0.0764867435171925  -1.2374274372154634   0.0018266565885614
  0.0018896447467876   0.0088146019942149   0.0669815157423568   0.0689675475909245  -1.1512907432972670   0.0018896447467876
  0.0019526329050139   0.0092378272666357   0.0673936251265512   0.0619684890292091  -1.0721663938569168   0.0019526329050139
  0.0020156210632401   0.0096635127230016   0.0677631750781603   0.0554473579518080  -0.9994419184188980   0.0020156210632401
  0.0020786092214664   0.0100913995096119   0.0680930527862433   0.0493656242336828  -0.9325604756400840   0.0020786092214664
  0.0021415973796926   0.0105212462169458   0.0683859134505541   0.0436881038404049  -0.8710156291755281   0.0021415973796926
  0.0022045855379189   0.0109528274827346   0.0686442003900284   0.0383826564462257  -0.8143466300345182   0.0022045855379189
  0.0022675736961451   0.0113859327158855   0.0688701633371150   0.0334199113069016  -0.7621341547849985   0.0022675736961451
  0.0023305618543714   0.0118203649303742   0.0690658750871889   0.0287730186616192  -0.7139964541818337   0.0023305618543714
  0.0023935500125976   0.0122559396792333   0.0692332466559855   0.0244174242095252  -0.6695858714567550   0.0023935500125976
  0.0024565381708239   0.0126924840796820   0.0693740410833113   0.0203306644497391  -0.6285856936792639   0.0024565381708239
  0.0025195263290501   0.0131298359212716   0.0694898860080654   0.0164921808922385  -0.5907073033284903   0.0025195263290501
  0.0025825144872764   0.0135678428496682   0.0695822851276773   0.0128831513432684  -0.5556876005564680   0.0025825144872764
  0.0026455026455026   0.0140063616193741   0.0696526286443245   0.0094863366452786  -0.5232866696131966   0.0026455026455026
  0.0027084908037289   0.0144452574093031   0.0697022027905894   0.0062859414099032  -0.4932856655830264   0.0027084908037289
  0.0027714789619552   0.0148844031956789   0.0697321985184739   0.0032674874250310  -0.4654848999817138   0.0027714789619552
  0.0028344671201814   0.0153236791772301   0.0697437194277869   0.0004176985452271  -0.4397021059156219   0.0028344671201814
  0.0028974552784077   0.0157629722481129   0.0697377890027932  -0.0022756040098594  -0.4157708654338046   0.0028974552784077
  0.0029604434366339   0.0162021755144017   0.0697153572195705  -0.0048235969206162  -0.3935391834348056   0.0029604434366339
  0.0030234315948602   0.0166411878503674   0.0696773065807008  -0.0072365414741050  -0.3728681940433071   0.0030234315948602
  0.0030864197530864   0.0170799134910988   0.0696244576286632  -0.0095238625059600  -0.3536309867666873   0.0030864197530864
  0.0031494079113127   0.0175182616583340   0.0695575739845376  -0.0116942202953737  -0.3357115409935912   0.0031494079113127
  0.0032123960695389   0.0179561462166471   0.0694773669543283  -0.0137555760625594  -0.3190037585222293   0.0032123960695389
  0.0032753842277652   0.0183934853573887   0.0693844997413219  -0.0157152516563648  -0.3034105848171870   0.0032753842277652
  0.0033383723859914   0.0188302013080110   0.0692795912993710  -0.0175799839640401  -0.2888432106029287   0.0033383723859914
  0.0034013605442177   0.0192662200646176   0.0691632198588068  -0.0193559745249249  -0.2752203462197675   0.0034013605442177
  0.0034643487024439   0.0197014711457676   0.0690359261537930  -0.0210489347844683  -0.2624675619039372   0.0034643487024439
  0.0035273368606702   0.0201358873657366   0.0688982163773139  -0.0226641273840456  -0.2505166878154365   0.0035273368606702
  0.0035903250188964   0.0205694046255969   0.0687505648876221  -0.0242064038450392  -0.2393052682336124   0.0035903250188964
  0.0036533131771227   0.0210019617206191   0.0685934166878151  -0.0256802389722282  -0.2287760648772683   0.0036533131771227
  0.0037163013353490   0.0214335001626301   0.0684271896982622  -0.0270897622713105  -0.2188766047899392   0.0037163013353490
  0.0037792894935752   0.0218639640160801   0.0682522768398334  -0.0284387866480635  -0.2095587686668913   0.0037792894935752
  0.0038422776518015   0.0222932997466782   0.0680690479442757  -0.0297308346319330  -0.2007784158935440   0.0038422776518015
  0.0039052658100277   0.0227214560815566   0.0678778515066238  -0.0309691623444804  -0.1924950429194606   0.0039052658100277
  0.0039682539682540   0.0231483838800117   0.0676790162932110  -0.0321567814128800  -0.1846714719119448   0.0039682539682540
  0.0040312421264802   0.0235740360139510   0.0674728528176398  -0.0332964790103313  -0.1772735669218611   0.0040312421264802
  0.0040942302847065   0.0239983672572512   0.0672596546959838  -0.0343908361886558  -0.1702699750549243   0.0040942302847065
  0.0041572184429327   0.0244213341832995   0.0670396998914967  -0.0354422446533138  -0.1636318903769829   0.0041572184429327
  0.0042202066011590   0.0248428950700517   0.0668132518582010  -0.0364529221174464  -0.1573328384944423   0.0042202066011590
  0.0042831947593852   0.0252630098119978   0.0665805605919122  -0.0374249263591974  -0.1513484799430368   0.0042831947593852
  0.0043461829176115   0.0256816398384769   0.0663418635965012  -0.0383601680953663  -0.1456564306918510   0.0043461829176115
  0.0044091710758377   0.0260987480378306   0.0660973867725249  -0.0392604227742818  -0.1402360982264837   0.0044091710758377
  0.0044721592340640   0.0265142986869257   0.0658473452347298  -0.0401273413815653  -0.1350685318173058   0.0044721592340640
  0.0045351473922902   0.0269282573856193   0.0655919440643764  -0.0409624603440832  -0.1301362857072600   0.0045351473922902
  0.0046611237087428   0.0277512675864279   0.0650658370626293  -0.0425429256884120  -0.1209147595864915   0.0046611237087428
  0.0047871000251953   0.0285675276809459   0.0645205307600609  -0.0440121461234729  -0.1124575585614331   0.0047871000251953
  0.0049130763416478   0.0293768043845787   0.0639573685950245  -0.0453791238587318  -0.1046678377165868   0.0049130763416478
  0.0050390526581003   0.0301788806535467   0.0633775878863209  -0.0466517345022653  -0.0974631726420152   0.0050390526581003
  0.0051650289745528   0.0309735544328198   0.0627823329437309  -0.0478368940992090  -0.0907733037025704   0.0051650289745528
  0.0052910052910053   0.0317606375566788   0.0621726662432012  -0.0489407001122400  -0.0845382438026171   0.0052910052910053
  0.0054169816074578   0.0325399547794751   0.0615495779677744  -0.0499685505322174  -0.0787066894391884   0.0054169816074578
  0.0055429579239103   0.0333113429176384   0.0609139941670899  -0.0509252446152404  -0.0732346850812065   0.0055429579239103
  0.0056689342403628   0.0340746500869083   0.0602667837479651  -0.0518150681679301  -0.0680844993675195   0.0056689342403628
  0.0057949105568153   0.0348297350212214   0.0596087644748604  -0.0526418658252503  -0.0632236786026784   0.0057949105568153
  0.0059208868732678   0.0355764664617578   0.0589407081308181  -0.0534091023678459  -0.0586242488084161   0.0059208868732678
  0.0060468631897203   0.0363147226063923   0.0582633449658246  -0.0541199147948858  -0.0542620423746441   0.0060468631897203
  0.0062358276643991   0.0374059711379406   0.0572313554048441  -0.0550865118500035  -0.0481185100553817   0.0062358276643991
  0.0064247921390779   0.0384775529423616   0.0561821711874238  -0.0559411447597986  -0.0424028446126559   0.0064247921390779
  0.0066137566137566   0.0395291626249245   0.0551178346730808  -0.0566914260881530  -0.0370666574372892   0.0066137566137566
  0.0068027210884354   0.0405605320768799   0.0540402524606370  -0.0573441396457253  -0.0320702798235321   0.0068027210884354
  0.0069916855631141   0.0415714280487759   0.0529512096068100  -0.0579053873704052  -0.0273809434999740   0.0069916855631141
  0.0071806500377929   0.0425616499681571   0.0518523813691383  -0.0583807057155587  -0.0229713561755210   0.0071806500377929
  0.0073696145124717   0.0435310279598919   0.0507453429844750  -0.0587751581444233  -0.0188185842398098   0.0073696145124717
  0.0075585789871504   0.0444794210359485   0.0496315778840197  -0.0590934088661867  -0.0149031747645084   0.0075585789871504
  0.0079365079365079   0.0463128230974157   0.0473893828541009  -0.0595183069419966  -0.0077200507631049   0.0079365079365079
  0.0083144368858655   0.0480612454828835   0.0451360691058539  -0.0596867003397411  -0.0013130884653397   0.0083144368858655
  0.0086923658352230   0.0497244443893810   0.0428807977299867  -0.0596262597737067   0.0044024457645958   0.0086923658352230
  0.0090702947845805   0.0513025031982703   0.0406317403543153  -0.0593617786515460   0.0094951324190590   0.0090702947845805
  0.0094482237339380   0.0527957970031584   0.0383961776876275  -0.0589156809496035   0.0140224468817491   0.0094482237339380
  0.0098261526832955   0.0542049605400321   0.0361805819887880  -0.0583083755176769   0.0180339811151965   0.0098261526832955
  0.0102040816326531   0.0555308590071209   0.0339906881420619  -0.0575585119497568   0.0215735196478650   0.0102040816326531
  0.0105820105820106   0.0567745614049764   0.0318315563532208  -0.0566831726915425   0.0246803931813358   0.0105820105820106
  0.0113378684807256   0.0590205292835738   0.0276227771172048  -0.0546174349821611   0.0297361777186607   0.0113378684807256
  0.0120937263794407   0.0609546126738648   0.0235832516869428  -0.0522215642424082   0.0334546274624323   0.0120937263794407
  0.0128495842781557   0.0625904556606651   0.0197343272805895  -0.0495882488915758   0.0360524695843013   0.0128495842781557
  0.0136054421768707   0.0639430661344169   0.0160909348042346  -0.0467949500919660   0.0377167459657983   0.0136054421768707
  0.0143613000755858   0.0650283722568112   0.0126626594405415  -0.0439059748269694   0.0386090727698197   0.0143613000755858
  0.0151171579743008   0.0658628542080823   0.0094546654930159  -0.0409742727447199   0.0388688263433313   0.0151171579743008
  0.0158730158730159   0.0664632409241776   0.0064684939257806  -0.0380430145563261   0.0386157921151599   0.0158730158730159
  0.0166288737717309   0.0668462627918018   0.0037027478273694  -0.0351469832354234   0.0379524906292015   0.0166288737717309
  0.0173847316704460   0.0670284523434872   0.0011536791249414  -0.0323137987353409   0.0369662652124700   0.0173847316704460
  0.0181405895691610   0.0670259859478388  -0.0011843115086417  -0.0295649927589203   0.0357311656246188   0.0181405895691610
  0.0188964474678760   0.0668545603475789  -0.0033182507857748  -0.0269169483168340   0.0343096442373565   0.0188964474678760
  0.0196523053665911   0.0665292986709665  -0.0052562352771976  -0.0243817177996967   0.0327540761723925   0.0196523053665911
  0.0204081632653061   0.0660646812366319  -0.0070071315372256  -0.0219677324628279   0.0311081142354149   0.0204081632653061
  0.0211640211640212   0.0654744970926448  -0.0085803261346238  -0.0196804153811670   0.0294078901423860   0.0211640211640212
  0.0222978080120937   0.0643821643255768  -0.0106281895034004  -0.0164928123590838   0.0268191540789318   0.0222978080120937
  0.0234315948601663   0.0630775065075000  -0.0123312754579053  -0.0135981439479174   0.0242514719990975   0.0234315948601663
  0.0245653817082389   0.0615977401322661  -0.0137225318014569  -0.0109906908883967   0.0217603722226244   0.0245653817082389
  0.0256991685563114   0.0599763952274656  -0.0148339402834350  -0.0086594571545167   0.0193841361127950   0.0256991685563114
  0.0268329554043840   0.0582434548662039  -0.0156960203144917  -0.0065898948838271   0.0171477215394181   0.0268329554043840
  0.0279667422524565   0.0564255407629196  -0.0163375047847013  -0.0047652300730799   0.0150659068238718   0.0279667422524565
  0.0292894935752079   0.0542283969711639  -0.0168426724483636  -0.0029219403670415   0.0128416626426608   0.0292894935752079
  0.0306122448979592   0.0519797212999379  -0.0171228293086499  -0.0013581819493739   0.0108389919307414   0.0306122448979592
  0.0323129251700680   0.0490564333954645  -0.0172083705548516   0.0002881907593702   0.0085801498995185   0.0323129251700680
  0.0340136054421769   0.0461406252159976  -0.0170449412046665   0.0015791717255080   0.0066550376655389   0.0340136054421769
  0.0357142857142857   0.0432697669511997  -0.0166882946656169   0.0025690341070364   0.0050336582410939   0.0357142857142857
  0.0374149659863946   0.0404726063689766  -0.0161854062686013   0.0033066511560180   0.0036830591963685   0.0374149659863946
  0.0391156462585034   0.0377705818028657  -0.0155754200034336   0.0038352381811410   0.0025700054943675   0.0391156462585034
  0.0408163265306123   0.0351790723543650  -0.0148906058658440   0.0041924568279316   0.0016626303903206   0.0408163265306123
  0.0433673469387755   0.0315206653860401  -0.0137792242696066   0.0044765900989465   0.0006234041854110   0.0433673469387755
  0.0459183673469388   0.0281523763624608  -0.0126256035842681   0.0045367563989615  -0.0001066489740129   0.0459183673469388
  0.0484693877551020   0.0250784946655250  -0.0114776483829476   0.0044422186235798  -0.0006004221107026   0.0484693877551020
  0.0510204081632653   0.0222931511292049  -0.0103678107246655   0.0042454554106455  -0.0009168415324360   0.0510204081632653
  0.0535714285714286   0.0197837514689207  -0.0093169342677386   0.0039855204667961  -0.0011025447476588   0.0535714285714286
  0.0561224489795918   0.0175335334613984  -0.0083372999109390   0.0036909324737773  -0.0011938121492731   0.0561224489795918
  0.0599489795918367   0.0146021796474266  -0.0070135012738149   0.0032269312142580  -0.0012124795342351   0.0599489795918367
  0.0637755102040816   0.0121434759881095  -0.0058662283624557   0.0027736980403589  -0.0011463699690931   0.0637755102040816
  0.0676020408163265   0.0100913398146162  -0.0048863115209455   0.0023549142492567  -0.0010379647526332   0.0676020408163265
  0.0714285714285714   0.0083845775177138  -0.0040581910791246   0.0019813383288081  -0.0009134174336199   0.0714285714285714
  0.0748299319727891   0.0071130475372762  -0.0034349362995270   0.0016897298363182  -0.0008017551559536   0.0748299319727891
  0.0782312925170068   0.0060373661824312  -0.0029044944945712   0.0014352829332841  -0.0006956513239552   0.0782312925170068
  0.0850340136054422   0.0043597199866344  -0.0020740648800051   0.0010270972234866  -0.0005111625906286   0.0850340136054422
  0.0918367346938776   0.0031616805811883  -0.0014818151948831   0.0007303551777151  -0.0003679405469921   0.0918367346938776
  0.0969387755102041   0.0024930601999874  -0.0011532752548706   0.0005645561656688  -0.0002852115514185   0.0969387755102041
  0.1020408163265306   0.0019722101166182  -0.0008993618678482   0.0004363157657496  -0.0002201616489632   0.1020408163265306
  0.1088435374149660   0.0014507513212528  -0.0006480668942907   0.0003098378145460  -0.0001553667710806   0.1088435374149660
  0.1156462585034014   0.0010741010202630  -0.0004693969755720   0.0002206501072626  -0.0001095172290397   0.1156462585034014
  0.1232993197278912   0.0007720552892780  -0.0003287907985946   0.0001513319852735  -0.0000739919674321   0.1232993197278912
  0.1347789115646259   0.0004781400922750  -0.0001955878789455   0.0000869755688732  -0.0000413855774601   0.1347789115646259
  0.1462585034013606   0.0003018432875562  -0.0001184825965157   0.0000507951993701  -0.0000234255395475   0.1462585034013606
  0.1624149659863946   0.0001630710314562  -0.0000603731196544   0.0000245384466171  -0.0000107981575250   0.1624149659863946
  0.1785714285714286   0.0000912236581580  -0.0000318700683287   0.0000122695379845  -0.0000051377326384   0.1785714285714286
  0.1938775510204082   0.0000542116850916  -0.0000179473123594   0.0000065656666632  -0.0000026179428615   0.1938775510204082
  0.2193877551020408   0.0000241733941850  -0.0000073431143383   0.0000024722302768  -0.0000009146110750   0.2193877551020408
  0.2448979591836735   0.0000114929261970  -0.0000032238640895   0.0000010010742095  -0.0000003411645660   0.2448979591836735
  0.2908163265306123   0.0000034489320759  -0.0000008670757879   0.0000002336250387  -0.0000000691335394   0.2908163265306123
  0.4343112244897959   0.0000004012999193  -0.0000000739108094   0.0000000177785909  -0.0000000102377628   0.4343112244897959
  0.6610331632653060   0.0000000512143434  -0.0000000078808866   0.0000000043058790  -0.0000000059347684   0.6610331632653060
  0.8877551020408163   0.0000000055547933  -0.0000000021656242   0.0000000027130797  -0.0000000042106846   0.8877551020408163
  0.9438775510204082   0.0000000021394361  -0.0000000007384641   0.0000000009095456  -0.0000000008814957   0.9438775510204082
  1.0000000000000000   0.0000000000000000   0.0000000000000000   0.0000000009351537   0.0000000008093117   1.0000000000000000
